x=4.98919
y=-4.33261
z=0
