x=4.71694
y=-3.20448
z=0
