x=4.65095
y=-3.07424
z=0
