x=4.73074
y=-3.07095
z=0
