x=0.54557
y=-2.99276
z=0
