x=1.39327
y=-3.29909
z=0
