x=5.31855
y=-2.28272
z=0
