x=2.17589
y=-1.65764
z=0
