x=2.73093
y=-1.90515
z=0
