x=4.71548
y=-3.13545
z=0
