x=4.73767
y=-3.47181
z=0
