x=3.61029
y=-2.71731
z=0
