x=1.59318
y=-3.10529
z=0
