x=1.52318
y=-3.07652
z=0
