x=5.97465
y=-4.42677
z=0
