x=1.59252
y=-3.10319
z=0
