x=1.92784
y=-1.72409
z=0
