x=1.81292
y=-2.53689
z=0
