x=1.51266
y=-2.99479
z=0
