x=4.69685
y=-3.25022
z=0
