x=0.696856
y=-1.94695
z=0
