x=3.23466
y=-1.69853
z=0
