x=4.88262
y=-3.36136
z=0
