x=4.76692
y=-3.10436
z=0
