x=1.37184
y=-3.01537
z=0
